
500 replicates. Threshold = 95th percentile of the IC=0 t-stats.

 ic_nominal  n_reps  null95  power  fpr_t196  mean_t  mean_model_ic  mean_oracle_ic  mean_active_ir  mean_oracle_active_ir  capture_ir
      0.000     500   2.972  0.050     0.260   1.199          0.028           0.002           0.061                 -0.054      -1.128
      0.020     500   2.972  0.140     0.430   1.679          0.037           0.031           0.146                  0.190       0.767
      0.030     500   2.972  0.290     0.614   2.233          0.048           0.045           0.249                  0.311       0.800
      0.050     500   2.972  0.722     0.934   3.635          0.073           0.074           0.521                  0.555       0.939
      0.075     500   2.972  0.994     0.996   5.499          0.107           0.110           0.875                  0.858       1.019
      0.100     500   2.972  1.000     1.000   7.323          0.139           0.145           1.200                  1.161       1.033
